[gd_scene load_steps=2 format=3 uid="uid://22fwyekond8"]

[ext_resource type="PackedScene" uid="uid://bqo0xj72bnjvl" path="res://Objects/Characters/gltf/Barbarian.glb" id="1_gb4jj"]

[node name="Barbarian" instance=ExtResource("1_gb4jj")]
transform = Transform3D(2, 0, 0, 0, 2, 0, 0, 0, 2, 0, 0, 0)

[node name="Skeleton3D" parent="Rig" index="0"]
bones/1/position = Vector3(0, 0.36895, 0)
bones/1/rotation = Quaternion(-1.11123e-10, 0.0431578, 2.57241e-09, 0.999068)
bones/4/rotation = Quaternion(-0.550377, -0.05775, -0.643372, 0.528982)
bones/5/rotation = Quaternion(2.12844e-08, -6.51444e-08, -0.506411, 0.862292)
bones/7/rotation = Quaternion(-0.319688, -0.337754, 0.145452, 0.87325)
bones/8/rotation = Quaternion(0.00134988, 0.00134987, -0.702134, 0.712043)
bones/11/rotation = Quaternion(-0.609323, 0.0782287, 0.61828, 0.490241)
bones/12/rotation = Quaternion(3.16541e-08, 5.39848e-08, 0.529171, 0.848516)
bones/14/rotation = Quaternion(-0.318769, 0.313388, -0.227568, 0.865094)
bones/15/rotation = Quaternion(0.00411218, 0.00484354, 0.702818, 0.711342)
bones/19/rotation = Quaternion(-5.80608e-11, -0.0313417, -1.88012e-09, 0.999509)
bones/22/rotation = Quaternion(0.98949, 0.0837642, 0.0787973, 0.0876591)
bones/23/rotation = Quaternion(0.396618, 6.22894e-08, -2.66173e-07, 0.917984)
bones/24/rotation = Quaternion(-0.622349, -0.200727, 0.0770432, 0.752632)
bones/26/rotation = Quaternion(0.991329, -0.0334202, 0.0297834, 0.123543)
bones/27/rotation = Quaternion(0.440576, -5.76008e-08, 3.0742e-07, 0.897715)
bones/28/rotation = Quaternion(-0.648284, 0.112441, -0.0235072, 0.752683)
bones/29/rotation = Quaternion(3.04791e-08, 0.920355, -0.391084, -6.94849e-08)
bones/30/rotation = Quaternion(0.707107, -2.29302e-07, -4.60552e-08, 0.707107)
bones/31/position = Vector3(0.202182, 0.0259903, 0.205181)
bones/31/rotation = Quaternion(-0.707107, -7.05285e-08, -7.05285e-08, 0.707107)
bones/32/rotation = Quaternion(9.65792e-09, 1.77955e-09, 0.985719, -0.168398)
bones/33/rotation = Quaternion(-1.04035e-07, 0.391084, 0.920355, -2.9526e-08)
bones/35/rotation = Quaternion(1, -3.10863e-15, 1.94707e-07, -6.91739e-22)
bones/37/rotation = Quaternion(0.707107, -3.82385e-08, 1.45009e-07, 0.707107)
bones/38/rotation = Quaternion(-0.707107, -7.05285e-08, -7.05285e-08, 0.707107)
bones/39/rotation = Quaternion(-5.83589e-09, 6.43837e-10, 0.994809, 0.101756)
bones/40/rotation = Quaternion(-1.04035e-07, 0.391084, 0.920355, -2.95261e-08)
bones/45/position = Vector3(0.520841, 0.770078, -0.0576374)
bones/45/rotation = Quaternion(0.794627, -1.11759e-07, 0.607098, -5.96046e-08)
bones/47/position = Vector3(-0.510844, 0.770078, 0.0597369)
bones/47/rotation = Quaternion(-0.758253, -1.52737e-07, 0.651961, -1.11759e-08)

[node name="1H_Axe_Offhand" parent="Rig/Skeleton3D" index="0"]
transform = Transform3D(8.68785e-07, 0.262865, 0.964832, 0.999894, -0.0140124, 0.0038172, 0.0145232, 0.96473, -0.262837, 0.516025, 0.617855, 0.0141607)

[node name="Barbarian_Round_Shield" parent="Rig/Skeleton3D" index="1"]
transform = Transform3D(6.57298e-07, 0.262865, 0.964832, 0.999894, -0.0140149, 0.0038181, 0.0145259, 0.96473, -0.262837, 0.662144, 0.618679, -0.0425341)

[node name="1H_Axe" parent="Rig/Skeleton3D" index="2"]
transform = Transform3D(-0.00290438, -0.162388, 0.986722, 0.999926, -0.0120596, 0.000958262, 0.0117441, 0.986653, 0.162411, -0.495823, 0.622364, 0.140021)

[node name="2H_Axe" parent="Rig/Skeleton3D" index="3"]
transform = Transform3D(-0.00290438, -0.162388, 0.986722, 0.999926, -0.0120596, 0.000958262, 0.0117441, 0.986653, 0.162411, -0.495823, 0.622364, 0.140021)

[node name="Mug" parent="Rig/Skeleton3D" index="4"]
transform = Transform3D(-0.00290438, -0.162388, 0.986722, 0.999926, -0.0120596, 0.000958262, 0.0117441, 0.986653, 0.162411, -0.487002, 0.322411, 0.0881984)

[node name="Barbarian_Hat" parent="Rig/Skeleton3D" index="5"]
transform = Transform3D(0.99972, -1.40143e-09, 0.0236466, 1.39341e-09, 1, 3.55686e-10, -0.0236466, -3.22637e-10, 0.99972, -7.55726e-09, 1.17916, -1.39052e-07)

[node name="Barbarian_Cape" parent="Rig/Skeleton3D" index="6"]
transform = Transform3D(0.996275, -5.14962e-09, 0.0862353, 5.13043e-09, 1, 4.44077e-10, -0.0862353, 1.8939e-15, 0.996275, -1.91641e-06, 1.17916, 2.59003e-08)

[node name="AnimationPlayer" parent="." index="1"]
autoplay = "Idle"
