[gd_scene load_steps=2 format=3 uid="uid://dawpgaiuvnjwd"]

[ext_resource type="PackedScene" uid="uid://dcuthuw1ks0m7" path="res://Objects/Characters/gltf/Knight.glb" id="1_ra6re"]

[node name="Knight" instance=ExtResource("1_ra6re")]
transform = Transform3D(2, 0, 0, 0, 2, 0, 0, 0, 2, 0, 0, 0)

[node name="Skeleton3D" parent="Rig" index="0"]
bones/1/position = Vector3(-3.9444e-11, 0.392062, 0.000165441)
bones/1/rotation = Quaternion(-1.11123e-10, 0.0431578, 2.57241e-09, 0.999068)
bones/2/rotation = Quaternion(-6.93889e-18, 7.10543e-15, 4.93038e-32, 1)
bones/3/rotation = Quaternion(8.27181e-25, 3.72529e-09, 0, 1)
bones/4/rotation = Quaternion(-0.575995, -0.0699005, -0.628091, 0.518503)
bones/5/rotation = Quaternion(3.72736e-08, -7.33201e-08, -0.505757, 0.862676)
bones/7/rotation = Quaternion(-0.287219, -0.345696, 0.166721, 0.877613)
bones/8/rotation = Quaternion(0.00490738, 6.24112e-05, -0.720876, 0.693047)
bones/14/rotation = Quaternion(-0.768256, 0.0941877, 0.503459, 0.383979)
bones/15/rotation = Quaternion(2.02852e-08, 6.39264e-08, 0.517939, 0.855417)
bones/17/rotation = Quaternion(-0.352221, 0.108902, -0.310808, 0.876059)
bones/18/position = Vector3(1.61171e-09, 0.0961251, -0.0575)
bones/18/rotation = Quaternion(1.60974e-09, -1.60973e-09, 0.707107, 0.707107)
bones/21/rotation = Quaternion(-5.80608e-11, -0.0313417, -1.88012e-09, 0.999509)
bones/24/rotation = Quaternion(0.993715, 0.0837146, 0.0735038, 0.0109185)
bones/25/rotation = Quaternion(0.195602, 6.26228e-08, -1.32239e-07, 0.980683)
bones/26/rotation = Quaternion(-0.517564, -0.209497, 0.0436549, 0.828452)
bones/28/rotation = Quaternion(0.997322, -0.0294574, 0.0315293, 0.0590483)
bones/29/rotation = Quaternion(0.274008, -6.38135e-08, 1.92761e-07, 0.961727)
bones/30/rotation = Quaternion(-0.559206, 0.11452, -0.00868673, 0.821035)
bones/31/rotation = Quaternion(3.04791e-08, 0.920355, -0.391084, -6.94849e-08)
bones/32/rotation = Quaternion(0.707107, -2.29302e-07, -4.60552e-08, 0.707107)
bones/33/position = Vector3(0.202182, 0.0259903, 0.205181)
bones/33/rotation = Quaternion(-0.707107, -7.05285e-08, -7.05285e-08, 0.707107)
bones/34/rotation = Quaternion(9.65792e-09, 1.77955e-09, 0.985719, -0.168398)
bones/35/rotation = Quaternion(-1.04035e-07, 0.391084, 0.920355, -2.9526e-08)
bones/37/rotation = Quaternion(1, -3.10863e-15, 1.94707e-07, -6.91739e-22)
bones/39/rotation = Quaternion(0.707107, -3.82385e-08, 1.45009e-07, 0.707107)
bones/40/rotation = Quaternion(-0.707107, -7.05285e-08, -7.05285e-08, 0.707107)
bones/41/rotation = Quaternion(-5.83589e-09, 6.43837e-10, 0.994809, 0.101756)
bones/42/rotation = Quaternion(-1.04035e-07, 0.391084, 0.920355, -2.95261e-08)
bones/46/position = Vector3(0.438903, 1.09224, -0.587986)
bones/46/rotation = Quaternion(-0.706987, -0.0129904, -0.0129903, 0.706987)
bones/47/position = Vector3(0.525046, 0.796724, -0.0528159)
bones/47/rotation = Quaternion(0.815444, 0.0408732, 0.577189, -0.0152632)
bones/48/position = Vector3(-0.453507, 0.718514, -0.588859)
bones/49/position = Vector3(-0.510844, 0.788312, 0.0597369)
bones/49/rotation = Quaternion(-0.758253, -1.52737e-07, 0.651961, -1.11759e-08)

[node name="1H_Sword_Offhand" parent="Rig/Skeleton3D" index="0"]
transform = Transform3D(-0.104015, 0.332981, 0.937178, 0.992943, 0.0887251, 0.0786803, -0.0569519, 0.938749, -0.339861, 0.528598, 0.64482, 0.0105354)

[node name="Badge_Shield" parent="Rig/Skeleton3D" index="1"]
transform = Transform3D(-0.104015, 0.332982, 0.937178, 0.992943, 0.0887225, 0.078681, -0.0569493, 0.938749, -0.339861, 0.67469, 0.657085, -0.0424439)

[node name="Rectangle_Shield" parent="Rig/Skeleton3D" index="2"]
transform = Transform3D(-0.104015, 0.332982, 0.937178, 0.992943, 0.0887225, 0.078681, -0.0569493, 0.938749, -0.339861, 0.67469, 0.657085, -0.0424439)

[node name="Round_Shield" parent="Rig/Skeleton3D" index="3"]
transform = Transform3D(-0.104015, 0.332982, 0.937178, 0.992943, 0.0887225, 0.078681, -0.0569493, 0.938749, -0.339861, 0.67469, 0.657085, -0.0424439)

[node name="Spike_Shield" parent="Rig/Skeleton3D" index="4"]
transform = Transform3D(-0.104015, 0.332982, 0.937178, 0.992943, 0.0887225, 0.078681, -0.0569493, 0.938749, -0.339861, 0.67469, 0.657085, -0.0424439)

[node name="1H_Sword" parent="Rig/Skeleton3D" index="5"]
transform = Transform3D(-4.6895e-07, -0.149894, 0.988701, 0.999999, -4.47952e-07, 8.9407e-08, 6.06488e-07, 0.988702, 0.149894, -0.505981, 0.650926, 0.140729)

[node name="2H_Sword" parent="Rig/Skeleton3D" index="6"]
transform = Transform3D(-4.8469e-07, -0.149894, 0.988701, 0.999999, -4.62686e-07, 1.03093e-07, 6.19004e-07, 0.988702, 0.149894, -0.505981, 0.650926, 0.140729)

[node name="Knight_Helmet" parent="Rig/Skeleton3D" index="7"]
transform = Transform3D(0.99972, -1.40143e-09, 0.0236466, 1.39341e-09, 1, 3.55686e-10, -0.0236466, -3.22637e-10, 0.99972, 4.69869e-07, 1.20229, 0.000165321)

[node name="Knight_Cape" parent="Rig/Skeleton3D" index="8"]
transform = Transform3D(0.996275, -5.14962e-09, 0.0862353, 5.13043e-09, 1, 4.44077e-10, -0.0862353, 1.88007e-15, 0.996275, -1.63023e-08, 1.20229, 0.000165301)

[node name="AnimationPlayer" parent="." index="1"]
autoplay = "Spellcast_Long"
