[gd_scene load_steps=2 format=3 uid="uid://cprpadg56uwib"]

[ext_resource type="PackedScene" uid="uid://x1kqij06mhk0" path="res://Objects/Characters/gltf/Mage.glb" id="1_bqt10"]

[node name="Mage" instance=ExtResource("1_bqt10")]
transform = Transform3D(2, 0, 0, 0, 2, 0, 0, 0, 2, 0, 0, 0)

[node name="Skeleton3D" parent="Rig" index="0"]
bones/1/position = Vector3(-2.14189e-11, 0.392049, 8.98378e-05)
bones/1/rotation = Quaternion(-0.000392646, 0.0431577, -1.6959e-05, 0.999068)
bones/3/rotation = Quaternion(0.0116934, -0.0312991, 0.00101215, 0.999441)
bones/4/rotation = Quaternion(-0.58237, -0.0163493, -0.642362, 0.497945)
bones/4/scale = Vector3(0.999999, 0.999999, 1)
bones/5/rotation = Quaternion(1.82205e-08, -6.12175e-08, -0.448337, 0.893865)
bones/6/rotation = Quaternion(-9.73784e-11, -2.98437e-10, 0.0266581, 0.999645)
bones/6/scale = Vector3(1, 1, 1)
bones/7/rotation = Quaternion(-0.216819, -0.305793, 0.0901537, 0.922688)
bones/8/rotation = Quaternion(1.60975e-09, 1.60975e-09, -0.707107, 0.707107)
bones/8/scale = Vector3(1, 1, 1)
bones/9/rotation = Quaternion(-8.95373e-08, 0.707107, 0.707107, -9.81383e-08)
bones/10/rotation = Quaternion(-8.95373e-08, 0.707107, 0.707107, -9.81383e-08)
bones/11/rotation = Quaternion(-0.545912, 0.248099, 0.657215, 0.456614)
bones/11/scale = Vector3(0.999999, 0.999999, 1)
bones/12/rotation = Quaternion(2.33628e-08, 5.44538e-08, 0.550535, 0.834812)
bones/13/rotation = Quaternion(-9.73784e-11, 2.98437e-10, -0.0266581, 0.999645)
bones/13/scale = Vector3(1, 1, 1)
bones/14/rotation = Quaternion(-0.268119, 0.445519, 0.199921, 0.830456)
bones/15/rotation = Quaternion(-0.00620779, -0.00762161, 0.729889, 0.683495)
bones/15/scale = Vector3(1, 1, 1)
bones/16/rotation = Quaternion(1.32707e-07, 1, -4.37114e-08, -2.27651e-09)
bones/17/rotation = Quaternion(1.32707e-07, 1, -4.37114e-08, -2.27651e-09)
bones/18/rotation = Quaternion(0.0442826, -0.0625151, 0.00360371, 0.997055)
bones/19/rotation = Quaternion(-0.130526, -7.04464e-15, -9.27444e-16, 0.991445)
bones/21/rotation = Quaternion(0.993715, 0.0837155, 0.073547, 0.0106648)
bones/21/scale = Vector3(1, 1, 1)
bones/22/rotation = Quaternion(0.195962, 6.47521e-08, -1.29589e-07, 0.980612)
bones/23/rotation = Quaternion(-0.517564, -0.209497, 0.0436549, 0.828452)
bones/24/scale = Vector3(1, 1, 1)
bones/25/rotation = Quaternion(0.997346, -0.0294365, 0.0315194, 0.0586685)
bones/25/scale = Vector3(1, 1, 1)
bones/26/rotation = Quaternion(0.274456, -6.46642e-08, 1.92192e-07, 0.9616)
bones/27/rotation = Quaternion(-0.559182, 0.114511, -0.00864966, 0.821053)
bones/28/rotation = Quaternion(3.04791e-08, 0.920355, -0.391084, -6.94849e-08)
bones/28/scale = Vector3(1, 1, 1)
bones/29/rotation = Quaternion(0.707107, -2.29302e-07, -4.60552e-08, 0.707107)
bones/30/position = Vector3(0.202182, 0.0259903, 0.205181)
bones/30/rotation = Quaternion(-0.707107, -7.05285e-08, -7.05285e-08, 0.707107)
bones/31/rotation = Quaternion(9.65792e-09, 1.77955e-09, 0.985719, -0.168398)
bones/32/rotation = Quaternion(-1.04035e-07, 0.391084, 0.920355, -2.9526e-08)
bones/32/scale = Vector3(1, 1, 1)
bones/33/scale = Vector3(1, 1, 1)
bones/34/rotation = Quaternion(1, -3.10863e-15, 1.94707e-07, -6.91739e-22)
bones/36/rotation = Quaternion(0.707107, -3.82385e-08, 1.45009e-07, 0.707107)
bones/37/rotation = Quaternion(-0.707107, -7.05285e-08, -7.05285e-08, 0.707107)
bones/38/rotation = Quaternion(-5.83589e-09, 6.43837e-10, 0.994809, 0.101756)
bones/39/rotation = Quaternion(-1.04035e-07, 0.391084, 0.920355, -2.95261e-08)
bones/39/scale = Vector3(1, 1, 1)
bones/40/rotation = Quaternion(-0.391084, -6.885e-08, -6.56288e-08, 0.920355)
bones/40/scale = Vector3(1, 1, 1)
bones/44/position = Vector3(0.509029, 0.766657, -0.0799952)
bones/44/rotation = Quaternion(0.791534, 0.0700415, 0.604735, -0.0535121)
bones/45/position = Vector3(-0.820577, 0.959669, -0.58886)
bones/46/position = Vector3(-0.510844, 0.851606, 0.175976)
bones/46/rotation = Quaternion(-0.540776, 0.271433, 0.666992, -0.434748)

[node name="Spellbook" parent="Rig/Skeleton3D" index="0"]
transform = Transform3D(0.175598, 0.949835, 0.258801, -0.984461, 0.169212, 0.0469356, 0.000788901, -0.263021, 0.964789, 0.581093, 0.614578, 0.206581)

[node name="Spellbook_open" parent="Rig/Skeleton3D" index="1"]
transform = Transform3D(0.175598, 0.949835, 0.258801, -0.984461, 0.169212, 0.0469356, 0.000788901, -0.263021, 0.964789, 0.549946, 0.608929, 0.0904674)

[node name="1H_Wand" parent="Rig/Skeleton3D" index="2"]
transform = Transform3D(-0.286775, 0.036981, 0.957283, 0.415744, 0.905059, 0.0895814, -0.863085, 0.423675, -0.274923, -0.456217, 0.774198, 0.297104)

[node name="2H_Staff" parent="Rig/Skeleton3D" index="3"]
transform = Transform3D(-0.286775, 0.036981, 0.957283, 0.415744, 0.905059, 0.0895814, -0.863085, 0.423675, -0.274923, -0.456217, 0.774198, 0.297104)

[node name="Mage_Hat" parent="Rig/Skeleton3D" index="4"]
transform = Transform3D(0.994843, 0.0151066, -0.100292, 8.06593e-05, 0.988727, 0.149727, 0.101424, -0.148963, 0.983628, -0.0063654, 1.76705, 0.06581)

[node name="Mage_Cape" parent="Rig/Skeleton3D" index="5"]
transform = Transform3D(0.999718, -0.000734716, 0.0237363, 0.00127255, 0.999743, -0.0226515, -0.0237135, 0.0226754, 0.999462, -0.000178721, 1.2022, 0.00515975)

[node name="AnimationPlayer" parent="." index="1"]
autoplay = "Use_Item"
